1 1
2 2
3 3
4 4
5 4
6 4
7 5
8 5
9 5
10 5
11 5
12 5
13 5
14 5
15 5
16 5
17 6
18 6
19 6
20 6
21 7
22 7
23 8
24 9
25 9
26 9
27 9
28 9
29 9
30 9
31 9
32 9
33 9
34 9
35 9
36 9
37 9
38 9
39 9
40 9
41 9
42 9
43 9
44 10
45 10
46 11
47 11
48 11
49 11
50 12
51 12
52 12
53 12
54 12
55 12
56 13
57 13
58 13
59 14
60 14
61 14
62 14
63 14
64 14
65 14
66 14
67 14
68 14
69 14
70 14
71 14
72 14
73 14
74 14
75 14
76 14
77 14
78 14
79 14
80 15
81 15
82 15
83 15
84 15
85 15
86 15
87 15
88 15
89 15
90 16
91 16
92 17
93 18
94 19
95 19
96 19
97 19
98 19
99 19
100 20
101 20
102 20
103 20
104 20
105 20
106 20
107 20
108 20
109 20
110 20
111 20
112 20
113 20
114 20
115 20
116 20
117 20
118 21
119 21
120 21
121 21
122 21
123 21
124 22
125 22
126 22
127 22
128 22
129 22
130 22
131 22
132 22
133 22
134 22
135 22
136 22
137 22
138 22
139 22
140 22
141 22
142 22
143 22
144 22
145 22
146 23
147 24
148 24
149 24
150 24
151 24
152 24
153 24
154 24
155 24
156 24
157 25
158 25
159 25
160 25
161 25
162 25
163 25
164 25
165 26
166 26
167 26
168 26
169 26
170 26
171 27
172 27
173 27
174 27
175 27
176 27
177 27
178 27
179 27
180 27
181 27
182 27
183 27
184 27
185 27
186 27
187 27
188 27
189 28
190 29
191 29
192 29
193 29
194 29
195 29
196 29
197 29
198 29
199 29
200 29
201 29
202 29
203 29
204 29
205 30
206 30
207 30
208 30
209 30
210 30
211 30
212 30
213 30
214 30
215 30
216 30
217 30
218 30
219 30
220 31
221 31
222 31
223 31
224 31
225 32
226 33
227 33
228 33
229 33
230 34
231 34
232 34
233 34
234 34
235 34
236 34
237 35
238 35
239 35
240 35
241 35
242 35
243 35
244 35
245 35
246 35
247 35
248 35
249 35
250 35
251 35
252 35
253 36
254 37
255 38
256 38
257 38
258 38
259 38
260 38
261 38
262 38
263 38
264 38
265 38
266 38
267 39
268 39
269 39
270 40
271 40
272 40
273 40
274 40
275 40
276 40
277 40
278 40
279 40
280 40
281 40
282 40
283 40
284 40
285 40
286 40
287 40
288 40
289 40
290 40
291 40
292 40
293 40
294 40
295 40
296 40
297 40
298 40
299 40
300 40
301 40
302 40
303 40
304 41
305 41
306 41
307 41
308 41
309 41
310 41
311 41
312 41
313 41
314 41
315 41
316 41
317 41
318 41
319 41
320 41
321 41
322 41
323 41
324 42
325 42
326 42
327 42
328 42
329 42
330 42
331 42
332 42
333 42
334 42
335 42
336 42
337 42
338 42
339 42
340 42
341 42
342 42
343 42
344 43
345 43
346 43
347 43
348 44
349 44
350 44
351 45
352 46
353 46
354 46
355 46
356 46
357 46
358 46
359 46
360 46
361 46
362 46
363 46
364 46
365 47
366 47
367 47
368 47
369 47
370 47
371 47
372 47
373 47
374 47
375 47
376 47
377 47
378 47
379 47
380 47
381 47
382 47
383 47
384 47
385 47
386 47
387 47
388 47
389 47
390 47
391 47
392 47
393 47
394 47
395 47
396 47
397 47
398 47
399 47
400 47
401 47
402 47
403 47
404 47
405 47
406 47
407 47
408 47
409 47
410 47
411 47
412 47
413 47
414 47
415 47
416 47
417 47
418 47
419 48
420 48
421 48
422 48
423 48
424 48
425 48
426 48
427 48
428 48
429 48
430 48
431 48
432 48
433 48
434 48
435 48
436 48
437 48
438 48
439 48
440 48
441 48
442 48
443 48
444 48
445 48
446 48
447 48
448 49
449 49
450 49
451 49
452 49
453 49
454 49
455 49
456 49
457 49
458 49
459 49
460 49
461 49
462 49
463 49
464 49
465 49
466 49
467 49
468 49
469 49
470 49
471 49
472 49
473 49
474 49
475 49
476 49
477 49
478 49
479 49
480 49
481 49
482 50
483 50
484 50
485 50
486 51
487 51
488 51
489 51
490 51
491 51
492 51
493 51
494 51
495 51
496 51
497 51
498 51
499 51
500 52
501 52
502 53
503 53
504 53
505 53
506 53
507 53
508 53
509 53
510 53
511 53
512 53
513 53
514 53
515 53
516 54
517 54
518 54
519 54
520 55
521 55
522 55
523 55
524 55
525 55
526 56
527 56
528 56
529 56
530 56
531 56
532 56
533 56
534 56
535 56
536 56
537 56
538 56
539 56
540 56
541 56
542 56
543 56
544 56
545 56
546 56
547 56
548 56
549 56
550 56
551 56
552 56
553 56
554 56
555 56
556 56
557 56
558 56
559 56
560 56
561 56
562 56
563 56
564 56
565 57
566 57
567 57
568 57
569 57
570 57
571 57
572 57
573 57
574 57
575 57
576 57
577 57
578 57
579 57
580 57
581 58
582 58
583 58
584 58
585 58
586 58
587 58
588 58
589 58
590 58
591 58
592 58
593 58
594 58
595 58
596 58
597 58
598 58
599 58
600 58
601 58
602 58
603 58
604 58
605 58
606 59
607 59
608 59
609 59
610 60
611 60
612 60
613 60
614 60
615 60
616 60
617 60
618 60
619 60
620 60
621 60
622 60
623 60
624 60
625 60
626 60
627 60
628 60
629 60
630 60
631 60
632 60
633 60
634 60
635 60
636 60
637 60
638 60
639 60
640 60
641 60
642 60
643 60
644 60
645 60
646 60
647 60
648 60
649 60
650 60
651 60
652 60
653 60
654 60
655 60
656 60
657 60
658 60
659 60
660 60
661 60
662 60
663 60
664 60
665 60
666 60
667 60
668 60
669 60
670 60
671 60
672 60
673 60
674 60
675 60
676 60
677 60
678 60
679 60
680 60
681 60
682 60
683 60
684 60
685 60
686 60
687 60
688 60
689 60
690 60
691 60
692 60
693 60
694 60
695 60
696 60
697 60
698 60
699 60
700 60
701 60
702 60
703 60
704 60
705 60
706 60
707 60
708 60
709 60
710 60
711 60
712 60
713 60
714 60
715 60
716 60
717 60
718 60
719 60
720 60
721 60
722 60
723 60
724 60
725 60
726 60
727 60
728 60
729 60
730 60
731 60
732 60
733 60
734 61
735 61
736 61
737 61
738 61
739 61
740 61
741 61
742 61
743 61
744 61
745 61
746 61
747 61
748 61
749 61
750 61
751 61
752 61
753 61
754 61
755 61
756 61
757 61
758 61
759 61
760 61
761 61
762 61
763 61
764 61
765 61
766 61
767 61
768 61
769 61
770 61
771 62
772 62
773 62
774 62
775 62
776 62
777 62
778 62
779 62
780 62
781 62
782 62
783 62
784 62
785 62
786 62
787 62
788 62
789 62
790 62
791 62
792 62
793 62
794 62
795 62
796 62
797 62
798 62
799 62
800 63
801 64
802 64
803 65
804 66
805 66
806 66
807 66
808 66
809 66
810 66
811 67
812 67
813 67
814 67
815 67
816 67
817 67
818 67
819 67
820 67
821 67
822 67
823 67
824 67
825 67
826 67
827 67
828 67
829 67
830 67
831 67
832 68
833 68
834 68
835 68
836 68
837 69
838 69
839 69
840 69
841 69
842 69
843 69
844 69
845 69
846 69
847 69
848 69
849 69
850 69
851 69
852 69
853 69
854 69
855 69
856 69
857 70
858 70
859 70
860 70
861 71
862 71
863 71
864 71
865 71
866 71
867 71
868 71
869 71
870 71
871 71
872 71
873 71
874 71
875 71
876 71
877 71
878 71
879 71
880 71
881 71
882 71
883 71
884 71
885 71
886 71
887 71
888 71
889 71
890 71
891 71
892 71
893 71
894 71
895 71
896 71
897 71
898 71
899 71
900 71
901 71
902 72
903 72
904 72
905 72
906 72
907 72
908 72
909 72
910 72
911 72
912 73
913 73
914 73
915 73
916 73
917 73
918 73
919 73
920 73
921 73
922 73
923 73
924 73
925 73
926 73
927 73
928 73
929 73
930 73
931 73
932 73
933 73
934 73
935 73
936 73
937 73
938 73
939 73
940 73
941 73
942 73
943 74
944 74
945 74
946 74
947 74
948 74
949 74
950 74
951 74
952 74
953 74
954 74
955 74
956 74
957 74
958 74
959 74
960 74
961 74
962 74
963 74
964 74
965 74
966 74
967 74
968 74
969 74
970 74
971 74
972 74
973 74
974 74
975 74
976 74
977 74
978 74
979 74
980 74
981 74
982 74
983 74
984 74
985 74
986 74
987 74
988 74
989 75
990 75
991 75
992 75
993 75
994 75
995 75
996 75
997 75
998 75
999 75
1000 75
1001 75
1002 75
1003 75
1004 75
1005 75
1006 75
1007 75
1008 75
1009 75
1010 75
1011 75
1012 75
1013 75
1014 75
1015 75
1016 75
1017 75
1018 75
1019 75
1020 75
1021 75
1022 75
1023 75
1024 75
1025 75
1026 75
1027 75
1028 75
1029 75
1030 75
1031 75
1032 76
1033 76
1034 76
1035 76
1036 76
1037 76
1038 76
1039 76
1040 76
1041 76
1042 76
1043 76
1044 76
1045 76
1046 76
1047 76
1048 76
1049 76
1050 76
1051 76
1052 76
1053 76
1054 76
1055 76
1056 76
1057 76
1058 76
1059 76
1060 76
1061 76
1062 76
1063 76
1064 76
1065 76
1066 76
1067 76
1068 76
1069 76
1070 76
1071 76
1072 77
1073 77
1074 77
1075 78
1076 78
1077 78
1078 78
1079 78
1080 78
1081 78
1082 78
1083 78
1084 78
1085 78
1086 78
1087 78
1088 78
1089 78
1090 78
1091 79
1092 79
1093 79
1094 79
1095 80
1096 80
1097 80
1098 80
1099 80
1100 80
1101 80
1102 80
1103 80
1104 80
1105 80
1106 80
1107 80
1108 80
1109 80
1110 80
1111 80
1112 80
1113 80
1114 80
1115 80
1116 80
1117 80
1118 81
1119 81
1120 81
1121 81
1122 81
1123 81
1124 81
1125 81
1126 81
1127 81
1128 81
1129 81
1130 81
1131 81
1132 81
1133 81
1134 81
1135 81
1136 81
1137 81
1138 81
1139 81
1140 81
1141 81
1142 81
1143 82
1144 82
1145 82
1146 82
1147 82
1148 82
1149 82
1150 82
1151 82
1152 83
1153 83
1154 83
1155 83
1156 83
1157 83
1158 83
1159 83
1160 83
1161 83
1162 83
1163 83
1164 83
1165 83
1166 83
1167 83
1168 83
1169 83
1170 83
1171 83
1172 83
1173 83
1174 83
1175 83
1176 83
1177 83
1178 83
1179 83
1180 83
1181 83
1182 83
1183 83
1184 83
1185 83
1186 83
1187 83
1188 83
1189 83
1190 83
1191 83
1192 83
1193 83
1194 83
1195 83
1196 83
1197 83
1198 83
1199 83
1200 83
1201 83
1202 83
1203 83
1204 83
1205 83
1206 83
1207 83
1208 83
1209 83
1210 84
1211 84
1212 84
1213 84
1214 84
1215 84
1216 84
1217 84
1218 84
1219 84
1220 84
1221 84
1222 84
1223 84
1224 84
1225 84
1226 84
1227 84
1228 84
1229 85
1230 85
1231 85
1232 85
1233 85
1234 85
1235 85
1236 85
1237 85
1238 85
1239 85
1240 85
1241 85
1242 85
1243 85
1244 85
1245 85
1246 85
1247 85
1248 85
1249 85
1250 85
1251 85
1252 85
1253 85
1254 85
1255 85
1256 85
1257 85
1258 85
1259 86
1260 86
1261 86
1262 86
1263 86
1264 86
1265 86
1266 86
1267 86
1268 87
1269 87
1270 87
1271 87
1272 87
1273 87
1274 87
1275 87
1276 87
1277 87
1278 87
1279 87
1280 87
1281 87
1282 87
1283 87
1284 87
1285 87
1286 87
1287 87
1288 87
1289 87
1290 87
1291 87
1292 87
1293 87
1294 87
1295 87
1296 87
1297 87
1298 87
1299 87
1300 87
1301 87
1302 87
1303 87
1304 87
1305 87
1306 87
1307 87
1308 87
1309 87
1310 87
1311 87
1312 87
1313 88
1314 88
1315 88
1316 88
1317 88
1318 88
1319 88
1320 88
1321 89
1322 89
1323 89
1324 89
1325 89
1326 89
1327 89
1328 89
1329 89
1330 90
1331 90
1332 90
1333 90
1334 90
1335 90
1336 90
1337 90
1338 90
1339 90
1340 91
1341 91
1342 91
1343 91
1344 91
1345 91
1346 91
1347 91
1348 91
1349 91
1350 91
1351 91
1352 91
1353 91
1354 92
1355 92
1356 92
1357 92
1358 92
1359 92
1360 92
1361 93
1362 93
1363 93
1364 93
1365 93
1366 93
1367 93
1368 93
1369 93
1370 93
1371 93
1372 93
1373 93
1374 93
1375 93
1376 93
1377 93
1378 93
1379 93
1380 94
1381 94
1382 95
1383 95
1384 95
1385 95
1386 95
1387 95
1388 95
1389 95
1390 95
1391 95
1392 95
1393 95
1394 95
1395 95
1396 96
1397 96
1398 96
1399 96
1400 96
1401 96
1402 96
1403 96
1404 96
1405 96
1406 96
1407 96
1408 96
1409 96
1410 96
1411 96
1412 96
1413 96
1414 96
1415 96
1416 96
1417 96
1418 96
1419 96
1420 96
1421 96
1422 96
1423 96
1424 96
1425 96
1426 96
1427 96
1428 96
1429 96
1430 96
1431 96
1432 96
1433 96
1434 96
1435 96
1436 97
1437 97
1438 97
1439 97
1440 97
1441 97
1442 97
1443 97
1444 97
1445 97
1446 97
1447 97
1448 97
1449 97
1450 97
1451 97
1452 97
1453 97
1454 97
1455 97
1456 97
1457 97
1458 97
1459 97
1460 97
1461 97
1462 97
1463 97
1464 98
1465 98
1466 99
1467 99
1468 99
1469 99
1470 99
1471 99
1472 100
1473 100
1474 100
1475 100
1476 100
1477 100
1478 100
1479 100
1480 100
1481 101
1482 101
1483 101
1484 102
1485 102
1486 102
1487 102
1488 102
1489 102
1490 102
1491 102
1492 102
1493 102
1494 102
1495 102
1496 102
1497 102
1498 102
1499 102
1500 102
1501 102
1502 102
1503 102
1504 102
1505 102
1506 102
1507 102
1508 102
1509 102
1510 102
1511 102
1512 102
1513 102
1514 102
1515 102
1516 102
1517 102
1518 102
1519 102
1520 102
1521 102
1522 102
1523 102
1524 102
1525 102
1526 102
1527 102
1528 102
1529 102
1530 102
1531 102
1532 102
1533 102
1534 102
1535 102
1536 102
1537 102
1538 102
1539 102
1540 102
1541 102
1542 102
1543 102
1544 102
1545 102
1546 102
1547 102
1548 102
1549 102
1550 102
1551 102
1552 102
1553 102
1554 102
1555 102
1556 102
1557 102
1558 102
1559 102
1560 102
1561 102
1562 102
1563 102
1564 102
1565 102
1566 102
1567 102
1568 102
1569 102
1570 102
1571 102
1572 102
1573 102
1574 102
1575 102
1576 102
1577 102
1578 102
1579 102
1580 102
1581 102
1582 102
1583 102
1584 102
1585 102
1586 102
1587 102
1588 102
1589 102
1590 102
1591 102
1592 103
1593 103
1594 103
1595 103
1596 103
1597 103
1598 103
1599 103
1600 104
1601 104
1602 104
1603 104
1604 104
1605 104
1606 104
1607 104
1608 104
1609 104
1610 104
1611 104
1612 104
1613 104
1614 104
1615 104
1616 104
1617 104
1618 104
1619 104
1620 104
1621 104
1622 104
1623 104
1624 104
1625 104
1626 104
1627 104
1628 104
1629 104
1630 104
1631 105
1632 105
1633 106
1634 106
1635 106
1636 106
1637 106
1638 106
1639 106
1640 106
1641 106
1642 107
1643 107
1644 107
1645 107
1646 107
1647 107
1648 107
1649 107
1650 107
1651 107
1652 107
1653 107
1654 107
1655 107
1656 107
1657 107
1658 107
1659 107
1660 107
1661 107
1662 108
1663 108
1664 108
1665 108
1666 108
1667 109
1668 109
1669 109
1670 109
1671 109
1672 109
1673 109
1674 109
1675 109
1676 109
1677 109
1678 109
1679 109
1680 109
1681 109
1682 109
1683 109
1684 109
1685 109
1686 109
1687 109
1688 109
1689 109
1690 109
1691 109
1692 109
1693 109
1694 109
1695 109
1696 109
1697 109
1698 109
1699 109
1700 110
1701 110
1702 110
1703 110
1704 110
1705 110
1706 110
1707 110
1708 110
1709 110
1710 110
1711 110
1712 110
1713 110
1714 110
1715 110
1716 110
1717 110
1718 110
1719 110
1720 110
1721 110
1722 110
1723 110
1724 110
1725 110
1726 110
1727 110
1728 110
1729 110
1730 110
1731 110
1732 110
1733 110
1734 110
1735 110
1736 110
1737 110
1738 110
1739 110
1740 110
1741 110
1742 110
1743 110
1744 110
1745 110
1746 110
1747 110
1748 110
1749 110
1750 110
1751 110
1752 110
1753 110
1754 110
1755 110
1756 110
1757 110
1758 110
1759 110
1760 110
1761 110
1762 110
1763 110
1764 110
1765 110
1766 110
1767 110
1768 110
1769 110
1770 110
1771 110
1772 110
1773 110
1774 110
1775 111
1776 111
1777 111
1778 111
1779 111
1780 111
1781 111
1782 111
1783 111
1784 111
1785 111
1786 111
1787 111
1788 111
1789 111
1790 111
1791 111
1792 111
1793 111
1794 111
1795 111
1796 111
1797 111
1798 111
1799 111
1800 111
1801 111
1802 111
1803 111
1804 111
1805 111
1806 111
1807 111
1808 111
1809 111
1810 111
1811 111
1812 111
1813 111
1814 111
1815 111
1816 111
1817 111
1818 111
1819 111
1820 111
1821 111
1822 111
1823 111
1824 111
1825 111
1826 111
1827 111
1828 111
1829 111
1830 111
1831 111
1832 111
1833 111
1834 111
1835 111
1836 111
1837 111
1838 111
1839 112
1840 112
1841 112
1842 112
1843 112
1844 112
1845 112
1846 112
1847 112
1848 112
1849 112
1850 112
1851 112
1852 112
1853 112
1854 112
1855 112
1856 112
1857 112
1858 112
1859 112
1860 112
1861 112
1862 112
1863 112
1864 112
1865 112
1866 112
1867 112
1868 112
1869 112
1870 112
1871 112
1872 112
1873 112
1874 112
1875 112
1876 112
1877 112
1878 112
1879 112
1880 112
1881 112
1882 112
1883 112
1884 112
1885 112
1886 112
1887 112
1888 112
1889 112
1890 112
1891 112
1892 112
1893 112
1894 112
1895 112
1896 112
1897 112
1898 112
1899 112
1900 112
1901 112
1902 112
1903 112
1904 112
1905 112
1906 112
1907 112
1908 112
1909 112
1910 112
1911 112
1912 112
1913 112
1914 112
1915 112
1916 112
1917 112
1918 112
1919 112
1920 112
1921 112
1922 112
1923 112
1924 112
1925 112
1926 112
1927 112
1928 112
1929 112
1930 112
1931 112
1932 112
1933 112
1934 112
1935 112
1936 112
1937 112
1938 112
1939 112
1940 112
1941 112
1942 112
1943 112
1944 112
1945 112
1946 112
1947 112
1948 112
1949 112
1950 112
1951 112
1952 112
1953 112
1954 112
1955 112
1956 112
1957 112
1958 112
1959 112
1960 112
1961 112
1962 112
1963 112
1964 112
1965 112
1966 112
1967 112
1968 112
1969 112
1970 112
1971 112
1972 112
1973 112
1974 112
1975 112
1976 112
1977 112
1978 112
1979 112
1980 112
1981 112
1982 112
1983 112
1984 112
1985 112
1986 112
1987 112
1988 112
1989 112
1990 112
1991 112
1992 112
1993 112
1994 112
1995 112
1996 112
1997 112
1998 112
1999 112
2000 112
