1 1
2 2
3 2
4 3
5 4
6 4
7 4
8 5
9 5
10 5
11 5
12 5
13 5
14 5
15 5
16 5
17 5
18 5
19 5
20 5
21 6
22 7
23 7
24 8
25 8
26 8
27 9
28 9
29 9
30 9
31 9
32 10
33 10
34 11
35 11
36 11
37 11
38 12
39 12
40 12
41 12
42 12
43 13
44 14
45 15
46 15
47 15
48 15
49 16
50 16
51 16
52 16
53 16
54 16
55 16
56 17
57 17
58 17
59 18
60 18
61 18
62 18
63 18
64 18
65 18
66 18
67 18
68 18
69 18
70 18
71 18
72 18
73 18
74 18
75 19
76 19
77 20
78 20
79 20
80 20
81 20
82 21
83 21
84 21
85 21
86 22
87 22
88 22
89 23
90 23
91 23
92 23
93 24
94 25
95 25
96 25
97 25
98 25
99 25
100 26
101 26
102 27
103 28
104 28
105 28
106 28
107 28
108 28
109 28
110 28
111 28
112 28
113 28
114 28
115 28
116 28
117 28
118 29
119 30
120 30
121 30
122 31
123 31
124 32
125 32
126 33
127 33
128 33
129 33
130 33
131 33
132 33
133 33
134 33
135 33
136 33
137 33
138 34
139 34
140 34
141 34
142 34
143 35
144 36
145 36
146 37
147 38
148 38
149 38
150 39
151 39
152 39
153 39
154 40
155 40
156 40
157 40
158 40
159 40
160 40
161 40
162 40
163 40
164 41
165 42
166 42
167 43
168 43
169 43
170 43
171 43
172 43
173 44
174 44
175 44
176 44
177 44
178 44
179 45
180 45
181 45
182 45
183 45
184 46
185 46
186 46
187 46
188 47
189 48
190 49
191 49
192 49
193 49
194 49
195 49
196 49
197 49
198 49
199 49
200 50
201 50
202 50
203 50
204 51
205 51
206 51
207 51
208 51
209 51
210 51
211 51
212 51
213 52
214 53
215 53
216 54
217 55
218 55
219 55
220 56
221 56
222 57
223 57
224 57
225 57
226 58
227 59
228 59
229 59
230 59
231 59
232 59
233 59
234 59
235 59
236 59
237 59
238 60
239 61
240 61
241 61
242 61
243 61
244 62
245 62
246 62
247 63
248 63
249 63
250 63
251 63
252 63
253 64
254 64
255 65
256 65
257 65
258 65
259 65
260 65
261 66
262 66
263 66
264 66
265 66
266 66
267 67
268 67
269 67
270 67
271 67
272 67
273 67
274 67
275 67
276 67
277 67
278 67
279 67
280 67
281 67
282 67
283 67
284 67
285 67
286 67
287 67
288 67
289 68
290 68
291 68
292 68
293 68
294 68
295 68
296 68
297 68
298 68
299 68
300 68
301 68
302 68
303 68
304 68
305 68
306 68
307 68
308 68
309 68
310 68
311 68
312 68
313 68
314 68
315 68
316 68
317 68
318 68
319 68
320 68
321 68
322 68
323 68
324 68
325 68
326 68
327 69
328 69
329 69
330 69
331 69
332 69
333 69
334 69
335 69
336 69
337 69
338 69
339 69
340 69
341 69
342 69
343 69
344 69
345 69
346 69
347 69
348 69
349 69
350 69
351 69
352 69
353 69
354 69
355 69
356 69
357 69
358 69
359 69
360 69
361 69
362 69
363 69
364 69
365 70
366 71
367 71
368 71
369 71
370 71
371 71
372 71
373 71
374 71
375 71
376 71
377 71
378 71
379 71
380 71
381 71
382 71
383 71
384 71
385 72
386 72
387 72
388 72
389 73
390 73
391 73
392 73
393 73
394 73
395 73
396 73
397 73
398 73
399 73
400 73
401 73
402 73
403 73
404 73
405 73
406 73
407 73
408 73
409 73
410 73
411 73
412 74
413 74
414 74
415 75
416 75
417 75
418 75
419 75
420 75
421 75
422 76
423 76
424 76
425 76
426 76
427 76
428 76
429 76
430 76
431 76
432 76
433 76
434 77
435 77
436 77
437 77
438 77
439 77
440 77
441 77
442 77
443 77
444 77
445 77
446 77
447 77
448 77
449 77
450 78
451 78
452 78
453 79
454 79
455 79
456 79
457 79
458 79
459 79
460 79
461 79
462 79
463 79
464 79
465 79
466 79
467 79
468 79
469 79
470 79
471 79
472 79
473 79
474 79
475 79
476 79
477 80
478 80
479 80
480 80
481 80
482 80
483 80
484 80
485 80
486 80
487 81
488 82
489 82
490 82
491 83
492 83
493 83
494 84
495 85
496 85
497 85
498 85
499 85
500 85
501 85
502 85
503 85
504 85
505 85
506 85
507 85
508 85
509 85
510 85
511 85
512 85
513 85
514 85
515 85
516 85
517 85
518 85
519 85
520 86
521 86
522 86
523 87
524 88
525 88
526 88
527 88
528 88
529 88
530 88
531 88
532 89
533 89
534 89
535 89
536 89
537 89
538 89
539 89
540 89
541 89
542 89
543 89
544 89
545 89
546 89
547 89
548 89
549 89
550 89
551 89
552 89
553 89
554 89
555 89
556 90
557 90
558 90
559 90
560 90
561 90
562 90
563 90
564 90
565 91
566 91
567 92
568 92
569 92
570 92
571 92
572 92
573 92
574 92
575 92
576 93
577 93
578 93
579 93
580 93
581 94
582 94
583 94
584 94
585 94
586 94
587 94
588 94
589 94
590 94
591 94
592 94
593 94
594 94
595 94
596 94
597 94
598 94
599 94
600 94
601 94
602 94
603 95
604 95
605 95
606 95
607 95
608 95
609 95
610 96
611 96
612 96
613 96
614 97
615 97
616 97
617 97
618 97
619 97
620 97
621 97
622 97
623 97
624 97
625 97
626 97
627 97
628 97
629 97
630 97
631 97
632 97
633 97
634 97
635 97
636 97
637 97
638 97
639 97
640 97
641 98
642 98
643 98
644 98
645 98
646 98
647 98
648 98
649 98
650 98
651 98
652 98
653 98
654 98
655 98
656 98
657 98
658 98
659 98
660 98
661 98
662 98
663 98
664 98
665 98
666 98
667 98
668 98
669 98
670 98
671 98
672 98
673 98
674 98
675 98
676 98
677 98
678 98
679 98
680 98
681 99
682 99
683 99
684 99
685 99
686 99
687 99
688 99
689 99
690 99
691 99
692 99
693 99
694 99
695 99
696 99
697 100
698 100
699 100
700 100
701 100
702 100
703 100
704 100
705 100
706 100
707 100
708 101
709 101
710 101
711 101
712 101
713 101
714 101
715 101
716 101
717 101
718 101
719 101
720 101
721 101
722 101
723 101
724 101
725 101
726 101
727 101
728 101
729 101
730 101
731 101
732 101
733 101
734 101
735 101
736 101
737 101
738 101
739 101
740 101
741 101
742 101
743 101
744 102
745 102
746 103
747 103
748 103
749 103
750 103
751 103
752 103
753 103
754 103
755 103
756 103
757 103
758 103
759 103
760 103
761 103
762 103
763 103
764 103
765 103
766 103
767 103
768 103
769 103
770 103
771 104
772 105
773 105
774 105
775 105
776 105
777 105
778 105
779 105
780 105
781 105
782 105
783 105
784 105
785 105
786 105
787 105
788 105
789 105
790 105
791 105
792 105
793 105
794 105
795 105
796 105
797 105
798 105
799 105
800 105
801 106
802 106
803 107
804 108
805 108
806 108
807 108
808 108
809 108
810 108
811 108
812 108
813 108
814 108
815 108
816 108
817 108
818 108
819 108
820 108
821 108
822 108
823 109
824 109
825 109
826 109
827 109
828 109
829 109
830 109
831 109
832 110
833 110
834 110
835 110
836 110
837 110
838 110
839 110
840 110
841 110
842 110
843 110
844 110
845 110
846 110
847 110
848 110
849 110
850 110
851 110
852 110
853 110
854 110
855 111
856 111
857 111
858 111
859 111
860 111
861 112
862 112
863 112
864 112
865 113
866 113
867 113
868 113
869 113
870 113
871 113
872 113
873 113
874 114
875 114
876 115
877 115
878 115
879 116
880 116
881 116
882 116
883 116
884 116
885 116
886 116
887 116
888 116
889 116
890 116
891 116
892 116
893 116
894 116
895 116
896 116
897 116
898 117
899 117
900 117
901 117
902 117
903 117
904 117
905 117
906 117
907 117
908 117
909 117
910 117
911 117
912 118
913 118
914 118
915 119
916 119
917 120
918 120
919 120
920 120
921 120
922 120
923 120
924 120
925 120
926 120
927 120
928 120
929 120
930 120
931 120
932 120
933 120
934 120
935 120
936 120
937 120
938 121
939 122
940 122
941 123
942 123
943 123
944 123
945 123
946 123
947 123
948 123
949 123
950 123
951 123
952 123
953 123
954 123
955 124
956 124
957 124
958 124
959 124
960 124
961 124
962 124
963 124
964 124
965 124
966 124
967 124
968 124
969 124
970 125
971 125
972 125
973 125
974 125
975 125
976 125
977 125
978 125
979 125
980 126
981 126
982 126
983 126
984 126
985 126
986 126
987 126
988 126
989 127
990 127
991 127
992 128
993 128
994 128
995 128
996 128
997 128
998 128
999 128
1000 128
1001 128
1002 128
1003 128
1004 128
1005 128
1006 128
1007 128
1008 128
1009 128
1010 128
1011 128
1012 128
1013 128
1014 128
1015 128
1016 128
1017 128
1018 128
1019 128
1020 128
1021 128
1022 128
1023 128
1024 128
1025 128
1026 128
1027 128
1028 128
1029 128
1030 129
1031 129
1032 130
1033 130
1034 130
1035 130
1036 130
1037 130
1038 131
1039 131
1040 131
1041 131
1042 131
1043 132
1044 132
1045 132
1046 132
1047 132
1048 132
1049 132
1050 132
1051 132
1052 132
1053 132
1054 133
1055 133
1056 133
1057 133
1058 133
1059 133
1060 133
1061 133
1062 133
1063 133
1064 133
1065 133
1066 133
1067 134
1068 134
1069 134
1070 134
1071 134
1072 134
1073 134
1074 134
1075 135
1076 135
1077 135
1078 135
1079 136
1080 136
1081 136
1082 136
1083 136
1084 136
1085 136
1086 136
1087 136
1088 136
1089 136
1090 137
1091 137
1092 137
1093 137
1094 137
1095 137
1096 137
1097 137
1098 137
1099 137
1100 137
1101 137
1102 137
1103 137
1104 137
1105 137
1106 137
1107 137
1108 137
1109 137
1110 137
1111 137
1112 137
1113 137
1114 137
1115 137
1116 137
1117 137
1118 137
1119 137
1120 137
1121 137
1122 137
1123 137
1124 137
1125 137
1126 137
1127 138
1128 138
1129 138
1130 138
1131 138
1132 138
1133 138
1134 138
1135 138
1136 138
1137 139
1138 139
1139 139
1140 139
1141 140
1142 140
1143 140
1144 140
1145 140
1146 140
1147 140
1148 140
1149 140
1150 140
1151 140
1152 140
1153 140
1154 140
1155 140
1156 140
1157 140
1158 140
1159 140
1160 140
1161 140
1162 140
1163 140
1164 140
1165 140
1166 140
1167 140
1168 140
1169 140
1170 140
1171 140
1172 141
1173 141
1174 141
1175 141
1176 141
1177 141
1178 141
1179 141
1180 141
1181 141
1182 141
1183 141
1184 142
1185 143
1186 143
1187 143
1188 143
1189 143
1190 143
1191 143
1192 143
1193 143
1194 143
1195 143
1196 143
1197 143
1198 143
1199 143
1200 143
1201 143
1202 143
1203 143
1204 143
1205 143
1206 143
1207 143
1208 143
1209 143
1210 144
1211 144
1212 144
1213 144
1214 144
1215 144
1216 144
1217 144
1218 144
1219 144
1220 144
1221 144
1222 144
1223 144
1224 144
1225 144
1226 144
1227 144
1228 144
1229 145
1230 145
1231 145
1232 145
1233 145
1234 145
1235 145
1236 145
1237 145
1238 145
1239 145
1240 145
1241 145
1242 145
1243 145
1244 145
1245 145
1246 145
1247 145
1248 146
1249 146
1250 146
1251 146
1252 146
1253 146
1254 147
1255 147
1256 147
1257 147
1258 147
1259 148
1260 149
1261 149
1262 150
1263 150
1264 150
1265 150
1266 150
1267 150
1268 151
1269 151
1270 151
1271 151
1272 151
1273 151
1274 152
1275 152
1276 152
1277 152
1278 152
1279 152
1280 152
1281 152
1282 152
1283 153
1284 153
1285 154
1286 154
1287 154
1288 154
1289 154
1290 154
1291 154
1292 155
1293 155
1294 156
1295 157
1296 157
1297 157
1298 157
1299 157
1300 157
1301 157
1302 157
1303 157
1304 157
1305 157
1306 157
1307 158
1308 158
1309 158
1310 158
1311 158
1312 158
1313 159
1314 160
1315 160
1316 160
1317 160
1318 160
1319 160
1320 160
1321 161
1322 161
1323 161
1324 161
1325 161
1326 161
1327 161
1328 161
1329 161
1330 161
1331 161
1332 161
1333 161
1334 161
1335 161
1336 161
1337 161
1338 161
1339 161
1340 162
1341 162
1342 162
1343 162
1344 162
1345 162
1346 162
1347 162
1348 162
1349 162
1350 162
1351 162
1352 162
1353 162
1354 162
1355 162
1356 162
1357 162
1358 163
1359 163
1360 163
1361 163
1362 163
1363 163
1364 163
1365 163
1366 163
1367 163
1368 163
1369 163
1370 163
1371 163
1372 163
1373 163
1374 163
1375 163
1376 163
1377 163
1378 163
1379 163
1380 163
1381 164
1382 165
1383 165
1384 165
1385 165
1386 165
1387 165
1388 165
1389 165
1390 165
1391 165
1392 165
1393 165
1394 165
1395 165
1396 166
1397 166
1398 166
1399 167
1400 167
1401 167
1402 167
1403 167
1404 167
1405 168
1406 168
1407 168
1408 168
1409 168
1410 168
1411 168
1412 168
1413 168
1414 168
1415 168
1416 168
1417 168
1418 168
1419 168
1420 168
1421 168
1422 168
1423 168
1424 168
1425 168
1426 168
1427 168
1428 168
1429 168
1430 168
1431 168
1432 168
1433 168
1434 169
1435 169
1436 170
1437 170
1438 171
1439 171
1440 171
1441 171
1442 171
1443 171
1444 171
1445 171
1446 171
1447 171
1448 171
1449 171
1450 171
1451 171
1452 171
1453 172
1454 172
1455 172
1456 172
1457 172
1458 172
1459 172
1460 172
1461 172
1462 172
1463 172
1464 173
1465 173
1466 173
1467 173
1468 173
1469 173
1470 173
1471 174
1472 174
1473 174
1474 174
1475 174
1476 174
1477 174
1478 174
1479 174
1480 174
1481 175
1482 175
1483 175
1484 176
1485 176
1486 176
1487 176
1488 177
1489 177
1490 177
1491 177
1492 178
1493 178
1494 178
1495 178
1496 178
1497 178
1498 178
1499 178
1500 178
1501 178
1502 178
1503 178
1504 178
1505 178
1506 178
1507 178
1508 179
1509 179
1510 179
1511 179
1512 179
1513 179
1514 179
1515 179
1516 180
1517 180
1518 180
1519 180
1520 180
1521 180
1522 180
1523 180
1524 180
1525 180
1526 180
1527 180
1528 181
1529 181
1530 181
1531 181
1532 181
1533 181
1534 181
1535 181
1536 181
1537 181
1538 181
1539 181
1540 181
1541 181
1542 181
1543 181
1544 181
1545 181
1546 181
1547 181
1548 182
1549 182
1550 182
1551 182
1552 182
1553 182
1554 182
1555 182
1556 182
1557 182
1558 182
1559 182
1560 182
1561 183
1562 183
1563 183
1564 183
1565 183
1566 183
1567 183
1568 183
1569 183
1570 183
1571 183
1572 184
1573 184
1574 184
1575 184
1576 184
1577 185
1578 185
1579 185
1580 185
1581 185
1582 185
1583 185
1584 185
1585 185
1586 185
1587 185
1588 185
1589 185
1590 185
1591 185
1592 185
1593 185
1594 185
1595 185
1596 185
1597 185
1598 185
1599 185
1600 186
1601 186
1602 186
1603 186
1604 186
1605 186
1606 186
1607 186
1608 186
1609 186
1610 186
1611 186
1612 186
1613 186
1614 186
1615 186
1616 186
1617 186
1618 186
1619 186
1620 186
1621 186
1622 187
1623 187
1624 188
1625 188
1626 188
1627 188
1628 188
1629 189
1630 189
1631 189
1632 189
1633 190
1634 190
1635 190
1636 190
1637 190
1638 190
1639 191
1640 191
1641 192
1642 193
1643 193
1644 193
1645 193
1646 193
1647 193
1648 193
1649 193
1650 193
1651 193
1652 193
1653 193
1654 193
1655 193
1656 194
1657 194
1658 194
1659 194
1660 194
1661 194
1662 194
1663 194
1664 194
1665 194
1666 194
1667 194
1668 194
1669 194
1670 194
1671 194
1672 194
1673 194
1674 194
1675 194
1676 194
1677 194
1678 194
1679 194
1680 194
1681 194
1682 194
1683 194
1684 194
1685 194
1686 194
1687 194
1688 194
1689 194
1690 194
1691 194
1692 194
1693 194
1694 194
1695 194
1696 194
1697 195
1698 195
1699 195
1700 196
1701 196
1702 196
1703 196
1704 196
1705 196
1706 196
1707 196
1708 196
1709 196
1710 196
1711 196
1712 196
1713 197
1714 197
1715 197
1716 197
1717 197
1718 197
1719 197
1720 197
1721 197
1722 197
1723 197
1724 197
1725 197
1726 197
1727 197
1728 197
1729 197
1730 197
1731 197
1732 197
1733 197
1734 197
1735 197
1736 197
1737 197
1738 197
1739 197
1740 197
1741 197
1742 197
1743 197
1744 197
1745 197
1746 197
1747 197
1748 197
1749 197
1750 197
1751 197
1752 197
1753 197
1754 197
1755 197
1756 197
1757 197
1758 197
1759 197
1760 197
1761 197
1762 197
1763 197
1764 197
1765 197
1766 197
1767 197
1768 197
1769 197
1770 197
1771 197
1772 197
1773 197
1774 197
1775 197
1776 197
1777 198
1778 198
1779 198
1780 198
1781 198
1782 199
1783 199
1784 199
1785 199
1786 199
1787 199
1788 199
1789 199
1790 199
1791 200
1792 200
1793 200
1794 200
1795 201
1796 201
1797 201
1798 201
1799 201
1800 201
1801 201
1802 201
1803 201
1804 201
1805 201
1806 201
1807 201
1808 201
1809 201
1810 201
1811 201
1812 201
1813 201
1814 201
1815 201
1816 201
1817 201
1818 201
1819 201
1820 201
1821 201
1822 201
1823 201
1824 201
1825 201
1826 201
1827 201
1828 201
1829 201
1830 201
1831 201
1832 201
1833 201
1834 201
1835 201
1836 201
1837 201
1838 201
1839 201
1840 201
1841 201
1842 201
1843 201
1844 201
1845 201
1846 201
1847 201
1848 201
1849 201
1850 202
1851 202
1852 202
1853 202
1854 202
1855 203
1856 203
1857 203
1858 203
1859 203
1860 203
1861 203
1862 203
1863 203
1864 203
1865 203
1866 203
1867 203
1868 203
1869 203
1870 203
1871 203
1872 203
1873 203
1874 203
1875 203
1876 203
1877 203
1878 203
1879 203
1880 203
1881 203
1882 203
1883 203
1884 203
1885 203
1886 203
1887 203
1888 203
1889 203
1890 203
1891 203
1892 203
1893 203
1894 203
1895 203
1896 203
1897 203
1898 203
1899 203
1900 203
1901 203
1902 203
1903 203
1904 203
1905 203
1906 203
1907 203
1908 203
1909 203
1910 203
1911 203
1912 203
1913 203
1914 203
1915 203
1916 203
1917 203
1918 203
1919 203
1920 203
1921 203
1922 203
1923 204
1924 205
1925 205
1926 205
1927 205
1928 206
1929 206
1930 206
1931 206
1932 206
1933 206
1934 206
1935 206
1936 206
1937 206
1938 206
1939 206
1940 207
1941 208
1942 208
1943 208
1944 208
1945 208
1946 208
1947 208
1948 209
1949 209
1950 209
1951 209
1952 209
1953 209
1954 209
1955 209
1956 209
1957 209
1958 209
1959 209
1960 209
1961 209
1962 209
1963 209
1964 209
1965 209
1966 209
1967 209
1968 209
1969 209
1970 209
1971 209
1972 209
1973 209
1974 209
1975 209
1976 209
1977 209
1978 210
1979 210
1980 211
1981 211
1982 211
1983 211
1984 211
1985 211
1986 212
1987 212
1988 213
1989 213
1990 213
1991 213
1992 213
1993 213
1994 213
1995 213
1996 213
1997 213
1998 213
1999 213
2000 213
